00000000110000000000000000000000
00000000010100000110000000000000
10110000000100110000000000011100
00100100000101000011001100010011
00110100000101000000010000001011
00110000000000000000010000001001
00000000110000000011000000000000
00000000010000000000000000000000
11110000000100010000000000000000
00010001101000000011000100000000
01100000001000000000000000000000
00110000000000000000010000001111
00000000110000000011000000000000
00000000010000000000000000000000
11100000000100010001000000000000
00000000110000000011000000000000
00000000010100010110000100000000
10011000000110100000000000000000
01100000000100011010000100000000
00110100000101000000010000011001
00110000000000000000010000010111
00110000000000000000000100000000
01101000000100000011100000000000
01010000000000000000000100010110
01100000000000000000000000000000
00110000000000000000010000011011
01101000000100000011100000000000
01101000000100010011100000000000
00100100000101000011001100101000
00110100000101000000010000100011
00110000000000000000010000100001
00000000000110100010001100000000
01100000110000001010000000000111
00000000000110100010001100000000
01110001101000001010000100001010
00110000000000000000010000100110
00000000000110100010001100000000
01100000110000001010000000001101
00000000000110100010001100000000
01100000110000001010000000010000
00110100000101000000010000101110
00110000000000000000010000101100
00110000000000000000000100010110
01100000000000000000000000000000
01010000000000000000000100000000
01101000000100000011100000000000
00110100000101000000010000110010
00000000000100100010011100000000
00010001101000000010000000000000
01101000001100000011100000000000
00110100000101000000010001000001
00110100000101000000010000111011
00110000000000000000010000111000
00000000110000000001000000000000
00000000010100100010011100000000
01100000101000000010000000001010
00000000110100100010011000000000
00000000010000000000000000000000
01100000101000000001000000001010
00110000000000000000010000111110
00000000000100100010011100000000
01110001101000000010000100001010
00000000110100100010011000000000
00000000010000000000000000000000
11110000000100010000000000000000
00110100000101000000010001001001
00110000000000000000010001000110
00000000110100100010011000000000
00000000010000000000000000000000
11110000000100000000000000000000
00010000000110100000000100000000
00010000000100010000001000000000
01110000000100100000101000000000
00110000000000000000010001001100
00001000000110100011100100000000
01100000000100100010101000000000
00100000000101000100010001010000
00001000000110100011100100000000
00011000000110100000101000000000
01100000000110101010011001001011
00100000000101000100010001101101
00100000000000000100010001100101
00001000000110100011100100000000
00000000110000000010000000000000
00010000000111110000011000000000
10110000000110110000000001010111
01110000000111110000010101011001
00011000000110110000101100000000
00000000000110111011011000000000
00010000000100010000010100000000
00100000000110101010011101011110
00100000000100010001101101011101
01100000000000000000000001011010
01110000000100010000011100000000
00010000000111000000000100000000
01010000000100010000111101100010
00011000000100010000110000000000
01100000000100010001011001100011
00010000000100010000110000000000
00010001101000000010000100000000
01110000000100010000010100000000
00010100000110100000011000000000
00000100000110101010011000000000
00000100000110101010011000000000
00000000000110101010011000000000
00001000000110110011101000000000
00100000000110111011011101101100
01110010000100010000000101101010
01100000000000000000000000000000
00100000000101000100010010011001
00010000000111110000010100000000
00010000000111100000010100000000
00000000110000000010000000000000
10110000000110100000000001110011
01100000000000000000000001110110
00011000000110100000101000000000
00000000000110101010011000000000
00010000000111110000011000000000
00000000000111000010011000000000
00000000110000001100000000000000
10110000000110110000000001111011
01010000000110110000101110010110
01100000000000000000000001111110
00011000000110110000101100000000
00000000000110111011011000000000
00010000000111100000011000000000
00011000000111100000111000000000
00000000000111101110011000000000
00100000000111111111111010000010
01100000000000000000000010000100
00011000000111110000111100000000
00000000000111111111011000000000
00010000000111000000010100000000
00010000000111010000010100000000
00011000000110110000101100000000
00000000000110111011011000000000
01010000000110100000101010001101
00100000000100011010101110001101
00010000000110100000000100000000
00000000000111001100011000000000
01100000000000000000000010001000
00010000000111010000101000000000
01010000000100010000111110010010
00011000000111000000110000000000
00000000000111001100011000000000
00010000000100010000010100000000
00000000000100100010011100000000
00010001101000000010110100000000
00000000000100100010011100000000
01110001101000000010110000000000
00010000000111010000011100000000
00010000000111000000010100000000
01110000000100010000011110010010
00000000011000000000000000000000
